0.030, 4.18, -0.43, 10.77, 0.24, 0.08, -0.16, -9.33, -4.10, -0.25, 0.30, -0.02, -0.01, -9.55, -0.42, 3.62, 0.16, -0.06, 0.02
0.064, 4.22, -0.63, 10.45, 0.26, 0.05, -0.18, -8.84, -4.19, -0.50, 0.31, -0.03, -0.03, -9.04, -0.68, 3.72, 0.18, -0.08, 0.02
0.098, 4.38, -0.86, 9.95, 0.20, 0.08, -0.22, -8.42, -4.35, -0.69, 0.36, 0.04, -0.00, -8.66, -0.84, 3.88, 0.24, -0.04, -0.04
0.132, 4.37, -0.23, 10.44, 0.19, 0.09, -0.24, -8.86, -4.31, -0.13, 0.37, 0.05, 0.00, -9.28, -0.30, 3.84, 0.24, -0.04, -0.08
0.182, 4.24, -1.09, 10.63, 0.11, -0.00, -0.23, -9.04, -4.26, -0.98, 0.38, 0.11, -0.10, -9.15, -1.39, 3.76, 0.26, -0.15, -0.10
0.203, 4.59, -1.90, 9.14, 0.08, -0.05, -0.37, -7.45, -4.64, -1.75, 0.52, 0.17, -0.13, -7.68, -1.97, 4.13, 0.41, -0.17, -0.18
0.234, 4.64, -1.18, 9.65, -0.09, -0.02, -0.48, -8.09, -4.62, -0.98, 0.62, 0.34, -0.11, -8.43, -1.22, 4.15, 0.51, -0.15, -0.34
0.268, 4.41, -1.44, 9.57, -0.20, -0.08, -0.56, -7.97, -4.42, -1.29, 0.71, 0.45, -0.17, -8.25, -1.52, 3.88, 0.61, -0.22, -0.46
0.302, 4.17, -1.62, 8.53, -0.39, -0.09, -0.68, -6.75, -4.09, -1.70, 0.83, 0.67, -0.17, -7.05, -2.08, 3.57, 0.74, -0.19, -0.70
0.336, 3.72, -3.04, 7.20, -0.67, 0.05, -0.92, -5.60, -3.72, -2.72, 1.08, 0.90, -0.01, -5.35, -2.95, 3.12, 1.03, -0.01, -0.84
0.370, 3.49, -1.81, 5.55, -0.32, 0.44, -1.19, -4.20, -3.31, -1.30, 1.32, 0.55, 0.38, -4.03, -1.39, 2.89, 1.25, 0.39, -0.47
0.403, 3.10, -0.55, 5.49, -0.18, 0.91, -1.25, -4.06, -2.80, -0.35, 1.37, 0.44, 0.86, -4.22, -0.50, 2.43, 1.29, 0.87, -0.39
0.438, 3.08, 0.55, 7.56, -0.04, 1.32, -1.21, -6.56, -2.88, 1.15, 1.31, 0.27, 1.24, -6.76, 1.33, 2.61, 1.21, 1.23, -0.14
0.472, 3.06, 2.07, 10.63, 0.18, 1.36, -0.92, -9.25, -2.89, 2.05, 1.00, 0.09, 1.26, -9.75, 1.90, 2.58, 0.88, 1.21, -0.02
0.505, 2.69, 0.81, 13.09, 0.33, 1.07, -0.73, -11.65, -2.75, 1.02, 0.83, -0.10, 0.95, -11.88, 0.89, 2.24, 0.72, 0.87, 0.16
0.540, 2.61, 1.36, 10.78, 0.47, 0.78, -0.63, -9.16, -2.46, 1.70, 0.74, -0.24, 0.70, -9.01, 1.70, 2.06, 0.61, 0.66, 0.29
0.574, 2.31, 2.84, 10.34, 0.64, 0.87, -0.42, -8.96, -2.04, 3.05, 0.51, -0.42, 0.80, -9.05, 2.99, 1.73, 0.36, 0.76, 0.46
0.607, 1.92, 1.74, 10.68, 0.61, 0.95, -0.19, -9.14, -1.72, 1.68, 0.30, -0.36, 0.87, -9.38, 1.45, 1.24, 0.16, 0.84, 0.37
0.663, 1.80, 1.53, 10.98, 0.60, 1.00, -0.17, -9.53, -1.65, 1.92, 0.29, -0.36, 0.92, -9.69, 2.05, 1.19, 0.15, 0.89, 0.38
0.680, 1.53, 3.16, 12.16, 0.58, 1.00, 0.02, -10.75, -1.30, 3.24, 0.07, -0.35, 0.91, -10.88, 3.12, 0.97, -0.08, 0.88, 0.37
0.710, 1.32, 1.91, 12.70, 0.54, 0.93, 0.19, -11.06, -1.22, 1.92, -0.07, -0.30, 0.83, -11.23, 1.82, 0.67, -0.21, 0.79, 0.29
0.744, 0.96, 1.74, 12.45, 0.45, 0.88, 0.26, -11.19, -0.81, 2.04, -0.14, -0.24, 0.79, -11.26, 2.04, 0.29, -0.28, 0.76, 0.27
0.778, 0.79, 2.30, 13.70, 0.62, 0.80, 0.37, -12.33, -0.68, 2.45, -0.26, -0.40, 0.69, -12.59, 2.51, 0.16, -0.41, 0.64, 0.39
0.812, 0.52, 2.28, 13.29, 0.63, 0.56, 0.51, -11.54, -0.41, 2.25, -0.39, -0.39, 0.46, -11.59, 2.12, -0.15, -0.54, 0.41, 0.36
0.846, 0.19, 1.19, 12.28, 0.28, 0.45, 0.50, -10.62, -0.15, 1.45, -0.35, -0.05, 0.35, -10.60, 1.56, -0.43, -0.49, 0.32, 0.02
0.880, 0.06, 3.40, 10.00, 0.28, 0.50, 0.57, -8.47, 0.28, 3.67, -0.45, -0.06, 0.44, -8.20, 3.72, -0.61, -0.61, 0.43, 0.05
0.913, -0.11, 2.54, 9.32, 0.33, 0.78, 0.79, -7.99, 0.36, 2.49, -0.67, -0.11, 0.72, -7.90, 2.31, -0.78, -0.81, 0.72, 0.10
0.948, -0.24, 1.87, 10.17, 0.26, 0.98, 0.81, -8.71, 0.39, 2.08, -0.67, -0.02, 0.89, -8.68, 2.12, -0.87, -0.81, 0.88, -0.00
0.982, -0.44, 4.26, 10.11, 0.20, 1.09, 0.90, -9.00, 0.84, 4.78, -0.81, 0.01, 1.01, -8.87, 4.99, -1.12, -0.97, 1.00, 0.00
1.015, -1.26, 5.01, 11.03, 0.44, 1.15, 1.30, -9.84, 1.71, 5.20, -1.22, -0.26, 1.06, -9.35, 5.29, -2.07, -1.41, 1.06, 0.28
1.050, -2.26, 5.77, 11.63, 0.90, 1.31, 1.73, -10.86, 2.93, 6.17, -1.66, -0.76, 1.23, -10.52, 6.59, -3.30, -1.89, 1.23, 0.78
1.084, -3.44, 5.52, 14.07, 1.47, 1.37, 2.28, -13.22, 3.87, 5.29, -2.20, -1.31, 1.27, -13.26, 5.41, -4.47, -2.44, 1.24, 1.29
1.117, -4.45, 2.92, 17.10, 1.63, 1.13, 2.57, -15.85, 4.42, 2.30, -2.43, -1.44, 1.00, -16.17, 2.29, -5.37, -2.65, 0.93, 1.35
1.152, -4.67, 0.75, 19.45, 1.49, 0.59, 2.46, -18.03, 4.36, 0.35, -2.28, -1.27, 0.43, -18.72, 0.50, -5.48, -2.48, 0.32, 1.14
1.186, -4.47, 1.03, 21.82, 1.28, -0.28, 2.24, -20.05, 4.14, 0.91, -2.06, -1.09, -0.47, -20.31, 1.18, -5.25, -2.27, -0.61, 0.96
1.220, -3.88, 1.03, 20.72, 1.13, -1.18, 2.11, -19.07, 3.67, 1.00, -1.92, -0.97, -1.36, -19.32, 1.24, -4.70, -2.15, -1.49, 0.83
1.255, -3.69, -0.67, 18.05, 1.15, -1.98, 1.96, -15.91, 3.43, -0.97, -1.75, -0.98, -2.10, -15.77, -1.20, -4.47, -1.97, -2.22, 0.81
1.289, -2.69, -2.93, 14.08, 0.66, -2.33, 1.48, -11.98, 2.22, -3.08, -1.23, -0.43, -2.42, -12.16, -3.14, -3.20, -1.40, -2.50, 0.22
1.322, -1.47, -0.78, 12.90, 0.29, -2.48, 1.00, -11.37, 1.26, -0.58, -0.79, -0.11, -2.56, -11.23, -0.53, -2.01, -0.96, -2.65, -0.01
1.368, -0.33, -1.08, 9.32, 0.37, -2.53, 0.76, -7.55, 0.33, -1.04, -0.55, -0.18, -2.58, -7.16, -1.45, -0.88, -0.72, -2.63, 0.03
1.411, 0.84, -2.76, 6.88, 0.18, -2.20, 0.35, -5.28, -0.98, -2.62, -0.13, 0.03, -2.24, -5.26, -3.03, 0.36, -0.25, -2.26, -0.15
1.428, 1.53, -2.60, 6.01, 0.02, -1.80, -0.18, -4.36, -1.63, -2.43, 0.38, 0.20, -1.85, -4.23, -2.71, 1.05, 0.28, -1.86, -0.29
1.458, 1.99, -1.94, 5.33, -0.09, -1.37, -0.65, -3.85, -2.01, -1.70, 0.84, 0.31, -1.42, -3.82, -1.94, 1.46, 0.75, -1.43, -0.35
1.492, 2.09, -1.25, 4.73, 0.02, -0.98, -1.03, -3.27, -2.03, -0.95, 1.21, 0.19, -1.03, -2.91, -1.27, 1.52, 1.12, -1.05, -0.17
1.526, 1.91, -1.49, 3.08, 0.23, -0.56, -1.41, -1.48, -1.81, -1.26, 1.58, 0.01, -0.60, -1.28, -1.58, 1.32, 1.51, -0.61, -0.01
1.560, 1.45, -0.42, 1.37, -0.01, -0.06, -1.79, 0.26, -1.27, -0.16, 1.94, 0.27, -0.10, 0.61, -0.38, 0.88, 1.88, -0.09, -0.22
1.593, 1.36, 1.59, 1.09, 0.09, 0.59, -2.07, 0.13, -1.02, 2.11, 2.19, 0.15, 0.56, 0.31, 2.10, 0.72, 2.12, 0.57, -0.04
1.627, 0.12, 2.64, 0.78, 0.07, 1.23, -2.15, 0.73, 0.32, 2.69, 2.25, 0.24, 1.21, 0.73, 2.47, -0.68, 2.20, 1.25, -0.15
1.662, -1.42, 2.31, 4.16, 0.06, 1.94, -2.31, -3.02, 1.70, 2.46, 2.42, 0.22, 1.89, -3.19, 2.25, -2.35, 2.40, 1.91, -0.07
1.695, -2.69, 3.55, 8.89, -0.03, 2.33, -2.57, -7.82, 2.88, 3.72, 2.66, 0.34, 2.25, -8.56, 3.91, -3.69, 2.64, 2.22, -0.20
1.729, -3.17, 6.20, 14.61, -0.30, 2.18, -2.66, -13.67, 3.22, 6.75, 2.72, 0.61, 2.04, -14.61, 7.50, -3.75, 2.68, 1.95, -0.44
1.764, -2.76, 8.00, 17.56, -0.15, 1.39, -2.32, -15.79, 2.80, 7.91, 2.39, 0.40, 1.23, -15.41, 7.86, -3.33, 2.30, 1.12, -0.26
1.797, -3.18, 4.96, 15.10, -0.21, 0.96, -2.20, -13.81, 3.23, 4.83, 2.32, 0.49, 0.84, -14.19, 4.71, -4.05, 2.27, 0.77, -0.39
1.832, -3.40, 5.66, 17.81, -0.27, 0.53, -2.39, -16.54, 3.29, 6.13, 2.51, 0.52, 0.39, -16.81, 6.75, -3.99, 2.44, 0.27, -0.41
1.866, -2.97, 9.64, 19.57, -0.18, -0.17, -2.20, -18.18, 3.08, 9.78, 2.29, 0.43, -0.32, -18.33, 10.02, -3.59, 2.16, -0.47, -0.36
1.900, -3.18, 7.54, 18.39, -0.28, -0.96, -1.92, -16.52, 3.15, 7.41, 2.06, 0.55, -1.10, -16.40, 7.51, -3.90, 1.96, -1.22, -0.54
1.934, -3.41, 9.25, 16.64, -0.61, -1.45, -1.91, -15.18, 3.52, 9.52, 2.04, 0.88, -1.56, -15.31, 10.07, -4.06, 1.93, -1.67, -0.89
1.968, -3.15, 13.61, 16.99, -0.62, -1.91, -1.57, -15.73, 3.43, 14.11, 1.66, 0.86, -2.03, -15.78, 14.74, -3.53, 1.48, -2.16, -0.89
2.003, -2.79, 14.17, 17.42, -0.51, -2.50, -0.77, -15.75, 3.10, 13.94, 0.86, 0.70, -2.64, -15.18, 13.78, -3.25, 0.65, -2.77, -0.75
2.036, -2.24, 10.03, 13.39, -0.48, -2.94, -0.23, -11.56, 2.31, 9.86, 0.39, 0.69, -3.03, -11.20, 9.77, -2.60, 0.20, -3.12, -0.81
2.071, -1.01, 9.84, 10.59, -0.52, -3.03, 0.08, -9.10, 1.27, 10.13, 0.07, 0.72, -3.10, -8.74, 10.30, -1.36, -0.15, -3.17, -0.83
2.104, 0.10, 8.02, 7.60, -0.58, -2.93, 0.53, -5.87, 0.10, 7.82, -0.36, 0.83, -2.98, -5.75, 7.60, -0.22, -0.55, -3.01, -1.00
2.137, 1.49, 7.63, 4.69, -0.68, -2.60, 0.76, -3.36, -1.13, 8.17, -0.60, 0.86, -2.64, -2.91, 8.25, 1.18, -0.80, -2.65, -0.96
2.172, 2.48, 4.89, 3.23, -0.25, -2.09, 1.16, -1.75, -2.17, 4.70, -0.98, 0.44, -2.12, -1.58, 3.92, 2.08, -1.17, -2.12, -0.58
2.206, 3.53, 2.01, 2.89, -0.75, -1.52, 1.05, -1.33, -3.49, 2.11, -0.85, 1.00, -1.56, -1.52, 1.83, 3.29, -0.98, -1.55, -1.14
2.239, 4.45, 3.76, 3.03, -0.91, -1.06, 1.00, -1.62, -4.17, 4.07, -0.85, 1.12, -1.11, -1.48, 3.79, 4.23, -1.00, -1.09, -1.20
2.274, 4.81, 1.78, 2.25, -0.77, -0.56, 1.20, -0.93, -4.56, 1.73, -1.05, 0.98, -0.60, -0.79, 1.06, 4.50, -1.18, -0.57, -1.05
2.308, 4.98, -2.46, 2.15, -0.84, -0.00, 1.07, -0.59, -4.90, -2.56, -0.89, 1.09, -0.05, -0.61, -3.22, 4.43, -0.97, -0.01, -1.15
2.341, 4.70, -2.97, 0.59, -0.95, 0.60, 0.65, 0.72, -4.44, -2.44, -0.49, 1.17, 0.57, 1.02, -2.72, 4.18, -0.56, 0.63, -1.16
2.376, 4.16, -2.27, 0.28, -0.61, 1.37, 0.49, 1.00, -3.81, -2.01, -0.36, 0.85, 1.35, 1.17, -2.45, 3.54, -0.44, 1.41, -0.82
2.417, 3.18, -1.26, 1.38, -0.71, 2.10, 0.42, -0.13, -2.71, -0.80, -0.33, 0.97, 2.05, -0.01, -0.92, 2.43, -0.40, 2.11, -0.92
2.445, 1.65, -0.43, 3.17, -0.46, 2.71, 0.63, -2.60, -1.16, -0.29, -0.55, 0.70, 2.65, -2.81, -0.46, 0.81, -0.64, 2.71, -0.62
2.478, 0.70, -1.79, 9.66, -0.33, 2.84, 0.81, -8.70, -0.62, -1.94, -0.72, 0.60, 2.70, -9.34, -2.15, -0.04, -0.79, 2.70, -0.56
2.512, -0.00, -2.36, 11.83, -0.34, 2.38, 0.78, -10.38, -0.07, -2.04, -0.67, 0.57, 2.22, -10.34, -1.88, -0.62, -0.76, 2.20, -0.51
2.545, -0.53, 1.75, 9.52, 0.07, 2.15, 0.94, -8.43, 1.03, 2.67, -0.87, 0.10, 2.04, -7.70, 3.54, -1.40, -1.04, 2.04, 0.02
2.580, -2.39, 7.16, 7.58, 1.41, 2.38, 1.81, -6.97, 3.50, 7.70, -1.78, -1.29, 2.32, -6.01, 8.28, -3.72, -2.08, 2.36, 1.39
2.614, -5.54, 4.26, 9.86, 1.94, 2.87, 2.73, -9.16, 6.18, 3.65, -2.65, -1.74, 2.81, -9.19, 3.77, -7.13, -2.89, 2.83, 1.73
2.648, -7.57, 1.26, 14.91, 2.03, 2.97, 2.87, -13.54, 7.56, 0.51, -2.76, -1.76, 2.86, -14.17, 0.73, -8.87, -2.94, 2.83, 1.64
2.682, -7.81, 0.72, 20.05, 1.33, 2.53, 2.71, -18.90, 7.44, 0.53, -2.58, -1.10, 2.37, -19.48, 1.24, -8.65, -2.75, 2.28, 1.03
2.716, -7.46, 3.66, 21.98, 0.85, 1.58, 2.75, -20.21, 7.46, 3.35, -2.64, -0.60, 1.40, -20.51, 4.09, -8.52, -2.85, 1.30, 0.47
2.749, -8.49, 1.01, 21.48, 1.27, 0.69, 2.96, -20.74, 8.33, 1.08, -2.79, -1.23, 0.54, -20.22, 1.44, -9.64, -3.01, 0.44, 1.24
2.785, -8.66, 1.57, 20.93, 1.82, -0.01, 2.92, -18.90, 8.55, 0.98, -2.76, -1.61, -0.13, -18.97, 1.32, -9.65, -3.00, -0.23, 1.41
2.818, -8.61, 1.51, 19.96, 0.85, -0.50, 2.94, -19.02, 8.37, 0.68, -2.77, -0.70, -0.63, -19.23, 0.30, -9.29, -3.00, -0.72, 0.61
2.852, -7.59, -3.16, 23.09, 1.71, -1.35, 2.44, -21.48, 6.95, -3.05, -2.20, -1.61, -1.52, -21.57, -2.85, -8.37, -2.41, -1.68, 1.48
2.887, -6.50, -2.85, 21.06, 1.30, -2.31, 1.84, -18.95, 5.94, -3.13, -1.60, -1.07, -2.46, -19.48, -2.91, -7.30, -1.78, -2.65, 0.81
2.921, -5.76, -1.76, 17.14, 0.67, -3.15, 1.34, -14.94, 5.35, -1.77, -1.09, -0.46, -3.27, -14.75, -1.56, -6.49, -1.29, -3.41, 0.24
2.954, -4.97, -1.87, 12.38, 0.54, -3.50, 0.99, -10.70, 4.74, -1.84, -0.75, -0.42, -3.57, -10.06, -2.09, -5.57, -0.95, -3.66, 0.29
2.989, -3.45, -2.71, 8.54, 0.77, -3.45, 0.58, -6.53, 3.26, -2.66, -0.34, -0.57, -3.48, -6.20, -2.79, -3.92, -0.52, -3.53, 0.35
3.022, -1.88, -2.72, 6.89, 0.43, -3.05, 0.18, -5.33, 1.70, -2.85, 0.06, -0.22, -3.08, -5.31, -3.24, -2.35, -0.10, -3.12, 0.06
3.056, -0.91, -4.44, 5.99, 0.21, -2.73, -0.40, -4.22, 0.62, -4.47, 0.63, 0.02, -2.77, -3.96, -4.81, -1.47, 0.53, -2.82, -0.15
3.090, 0.04, -3.94, 3.03, -0.26, -2.28, -1.10, -1.53, -0.17, -3.66, 1.32, 0.50, -2.31, -1.35, -3.73, -0.46, 1.25, -2.32, -0.57
3.124, 0.81, -2.62, 1.01, -0.39, -1.66, -1.63, 0.66, -0.75, -2.48, 1.82, 0.64, -1.68, 1.17, -2.83, 0.32, 1.76, -1.66, -0.65
3.157, 1.02, -1.91, -0.97, -0.60, -0.79, -2.12, 2.34, -0.75, -1.47, 2.29, 0.85, -0.79, 2.69, -1.45, 0.32, 2.25, -0.75, -0.80
3.191, 0.48, 0.67, -1.05, -0.21, 0.08, -2.44, 2.27, -0.13, 1.22, 2.57, 0.43, 0.07, 2.89, 1.13, -0.17, 2.52, 0.10, -0.30
3.225, -0.27, 3.00, -1.10, -0.20, 0.97, -2.59, 2.36, 0.93, 3.40, 2.69, 0.50, 0.97, 2.29, 3.41, -1.24, 2.65, 1.01, -0.40
3.260, -2.18, 4.30, 1.78, -0.43, 1.80, -2.57, -0.65, 2.82, 4.42, 2.65, 0.72, 1.78, -0.59, 4.05, -3.16, 2.62, 1.83, -0.58
3.304, -3.71, 3.22, 5.77, -0.53, 2.52, -2.66, -5.02, 4.19, 3.47, 2.74, 0.82, 2.47, -5.15, 3.33, -5.00, 2.74, 2.49, -0.60
3.334, -5.72, 2.14, 10.71, -0.79, 2.94, -2.89, -9.72, 5.95, 1.93, 2.97, 1.21, 2.85, -11.33, 2.23, -7.04, 3.02, 2.86, -1.11
3.362, -6.01, 3.79, 21.99, -1.08, 2.55, -3.08, -21.25, 5.70, 4.31, 3.15, 1.33, 2.35, -21.83, 5.09, -6.68, 3.16, 2.22, -1.07
3.401, -5.09, 7.34, 25.32, -0.72, 1.35, -2.89, -23.84, 4.98, 7.06, 2.95, 1.02, 1.14, -24.53, 7.35, -5.84, 2.89, 0.98, -0.89
3.430, -5.14, 5.36, 26.73, -0.57, 0.04, -2.79, -24.96, 4.77, 5.51, 2.92, 0.83, -0.17, -25.15, 6.28, -5.95, 2.87, -0.34, -0.74
3.464, -5.05, 9.48, 27.63, -0.76, -1.17, -2.68, -26.26, 4.87, 9.51, 2.80, 1.04, -1.37, -26.84, 10.34, -5.82, 2.69, -1.57, -1.01
3.499, -5.73, 13.17, 27.63, -0.65, -2.64, -2.33, -25.69, 5.77, 13.68, 2.44, 0.86, -2.86, -24.94, 14.81, -6.61, 2.26, -3.08, -0.85
3.532, -5.81, 16.40, 19.80, -0.66, -3.68, -1.53, -18.02, 6.15, 16.23, 1.63, 0.90, -3.81, -17.50, 16.74, -6.44, 1.40, -3.95, -1.01
3.566, -5.18, 14.34, 13.44, -0.88, -4.16, -0.79, -11.29, 5.31, 14.38, 0.94, 1.11, -4.24, -10.23, 14.80, -5.49, 0.73, -4.33, -1.26
3.601, -2.57, 16.31, 6.29, -1.03, -3.97, -0.06, -4.63, 2.96, 16.33, 0.17, 1.26, -3.99, -3.99, 16.49, -2.52, -0.08, -4.01, -1.44
3.635, -0.62, 13.12, 4.11, -0.81, -3.50, 0.86, -3.00, 1.10, 13.16, -0.73, 0.91, -3.53, -2.05, 12.77, -0.82, -0.98, -3.55, -1.01
3.668, 0.53, 8.04, -1.89, -0.43, -2.90, 1.42, 4.34, -0.18, 7.66, -1.24, 0.66, -2.86, 5.29, 7.02, 0.45, -1.44, -2.82, -0.88
3.703, 2.22, 6.57, -7.68, -0.81, -1.60, 1.53, 9.23, -1.49, 7.18, -1.37, 0.99, -1.51, 10.44, 6.90, 1.94, -1.55, -1.40, -1.08
3.736, 2.56, 4.24, -11.52, -0.32, 0.14, 1.79, 12.62, -1.58, 4.26, -1.65, 0.48, 0.26, 13.70, 3.42, 1.97, -1.81, 0.42, -0.52
3.770, 1.01, -1.25, -10.46, -0.00, 2.02, 1.76, 11.03, -0.20, -1.52, -1.59, 0.20, 2.13, 11.65, -2.52, -0.18, -1.68, 2.28, -0.18
3.804, -1.88, -2.58, -7.65, 0.09, 3.60, 1.25, 8.54, 2.58, -2.01, -1.13, 0.22, 3.61, 8.32, -1.48, -3.25, -1.17, 3.80, -0.22
3.839, -4.01, 8.38, 3.62, -0.10, 4.60, 1.54, -4.81, 4.90, 10.04, -1.58, 0.25, 4.50, -5.30, 11.88, -4.87, -1.81, 4.54, 0.00
3.872, -6.42, 16.43, 11.91, 1.68, 4.33, 3.28, -12.08, 7.96, 16.44, -3.38, -1.64, 4.20, -10.97, 17.13, -8.44, -3.79, 4.20, 1.80
3.906, -11.94, 5.49, 17.06, 2.81, 4.15, 4.71, -16.77, 12.21, 2.80, -4.63, -2.60, 4.03, -17.43, 2.09, -14.20, -4.87, 4.00, 2.50
3.941, -12.74, -5.15, 26.18, 1.89, 3.39, 4.09, -24.59, 11.56, -6.56, -3.89, -1.59, 3.20, -26.12, -6.00, -13.82, -3.97, 3.09, 1.39
3.974, -10.18, -2.09, 35.08, 1.12, 1.76, 3.11, -33.48, 9.10, -2.32, -2.93, -0.89, 1.51, -34.62, -0.95, -10.90, -3.09, 1.28, 0.76
4.008, -9.45, 1.69, 33.65, 1.02, -0.37, 3.03, -31.73, 9.16, 1.36, -2.87, -0.89, -0.58, -31.30, 1.87, -10.73, -3.14, -0.79, 0.81
4.043, -9.92, -2.42, 30.68, 1.60, -1.87, 3.07, -28.80, 9.46, -3.03, -2.85, -1.47, -2.03, -28.90, -2.94, -11.20, -3.11, -2.24, 1.29
4.076, -9.28, -7.65, 24.38, 1.53, -3.04, 2.53, -21.74, 8.52, -8.21, -2.25, -1.34, -3.15, -21.64, -8.00, -10.32, -2.45, -3.31, 1.05
4.111, -7.46, -6.97, 19.60, 0.77, -3.65, 1.68, -17.62, 6.87, -6.93, -1.41, -0.62, -3.76, -17.17, -6.69, -8.43, -1.60, -3.91, 0.42
4.144, -5.75, -8.03, 9.51, 0.64, -3.88, 0.98, -7.02, 5.35, -8.26, -0.70, -0.45, -3.91, -6.17, -8.66, -6.48, -0.85, -3.95, 0.20
4.178, -3.31, -9.28, 3.21, 0.09, -3.16, 0.02, -1.44, 2.92, -9.18, 0.26, 0.12, -3.16, -0.88, -9.49, -3.87, 0.18, -3.15, -0.27
4.212, -1.41, -9.33, -0.79, 0.02, -2.17, -0.96, 2.24, 1.27, -9.14, 1.21, 0.17, -2.14, 3.09, -9.81, -2.06, 1.15, -2.12, -0.17
4.246, -0.61, -7.56, -2.44, 0.29, -1.11, -1.98, 3.83, 0.59, -6.77, 2.18, -0.07, -1.09, 4.41, -6.66, -1.10, 2.12, -1.08, 0.13
4.280, -0.20, -3.89, -2.18, 0.14, -0.13, -2.50, 3.56, 0.44, -3.74, 2.65, 0.13, -0.12, 3.81, -4.07, -0.96, 2.60, -0.11, -0.05
4.314, -1.84, -4.26, -3.29, 0.13, 0.84, -2.99, 4.89, 2.26, -3.97, 3.13, 0.14, 0.86, 5.63, -4.18, -3.01, 3.13, 0.91, 0.01
4.348, -4.16, -1.42, -3.63, -0.17, 2.17, -3.54, 4.51, 4.89, -0.51, 3.64, 0.49, 2.20, 4.58, 0.32, -5.58, 3.64, 2.28, -0.28
4.382, -6.72, 3.74, 2.91, 0.37, 3.32, -3.47, -2.82, 7.41, 4.19, 3.50, -0.14, 3.29, -2.87, 4.30, -8.17, 3.47, 3.31, 0.44
4.416, -8.86, -0.24, 15.77, -0.21, 3.61, -3.58, -15.03, 8.53, -1.36, 3.68, 0.72, 3.47, -17.79, -1.33, -10.31, 3.78, 3.40, -0.62
4.459, -9.74, 4.99, 30.77, -1.19, 2.35, -4.23, -29.67, 9.22, 5.91, 4.30, 1.53, 2.06, -31.08, 7.85, -10.64, 4.33, 1.87, -1.33
4.484, -9.03, 13.20, 36.09, -1.02, 0.20, -3.78, -34.44, 8.72, 13.12, 3.81, 1.26, -0.12, -34.62, 14.11, -9.71, 3.72, -0.37, -1.11
4.518, -9.51, 12.18, 34.59, -0.89, -1.99, -3.15, -32.69, 9.24, 11.95, 3.26, 1.11, -2.27, -32.24, 12.97, -10.65, 3.15, -2.53, -1.05
4.553, -10.05, 16.66, 24.67, -0.90, -3.64, -2.62, -22.45, 10.28, 16.90, 2.72, 1.15, -3.80, -21.42, 18.19, -10.84, 2.52, -3.98, -1.20
4.586, -8.79, 18.69, 16.95, -0.82, -4.27, -1.61, -15.22, 9.16, 18.60, 1.70, 1.03, -4.36, -14.13, 19.10, -9.26, 1.47, -4.48, -1.13
4.620, -6.27, 16.34, 7.82, -1.13, -4.25, -0.76, -5.66, 6.54, 16.31, 0.90, 1.33, -4.27, -4.08, 16.42, -6.25, 0.70, -4.30, -1.45
4.655, -1.87, 17.82, 1.42, -1.19, -3.37, -0.01, -0.58, 2.58, 18.40, 0.10, 1.37, -3.34, 0.25, 18.60, -1.70, -0.14, -3.32, -1.46
4.688, 0.16, 13.30, -0.62, -0.77, -2.47, 1.03, 2.44, 0.54, 12.45, -0.91, 1.01, -2.44, 3.03, 11.57, -0.03, -1.12, -2.40, -1.19
4.722, 1.34, 5.67, -2.74, -1.29, -1.51, 1.25, 4.51, -1.11, 5.94, -1.05, 1.53, -1.51, 5.28, 5.62, 1.30, -1.17, -1.45, -1.63
4.756, 2.24, 6.44, -10.81, -1.22, -0.28, 1.34, 12.71, -1.17, 6.82, -1.23, 1.42, -0.17, 14.33, 6.35, 1.78, -1.37, -0.02, -1.45
4.790, 0.27, 3.55, -14.78, -0.69, 1.88, 1.71, 15.32, 1.34, 3.44, -1.63, 0.91, 2.04, 16.19, 2.72, -1.15, -1.74, 2.24, -0.91
4.824, -3.67, -0.10, -5.23, -1.05, 3.88, 1.84, 4.85, 4.46, -0.06, -1.75, 1.39, 3.85, 3.92, 0.18, -4.78, -1.80, 3.99, -1.37
4.859, -4.61, 5.94, 10.38, -1.16, 4.07, 2.33, -10.79, 5.17, 7.02, -2.33, 1.34, 3.88, -10.67, 8.28, -5.28, -2.48, 3.90, -1.22
4.892, -7.29, 13.01, 13.53, 0.79, 3.34, 3.97, -13.39, 8.91, 13.27, -4.05, -0.82, 3.18, -11.48, 14.20, -9.29, -4.37, 3.19, 0.92
4.926, -14.76, 5.68, 13.07, 2.72, 3.39, 5.52, -13.24, 15.82, 4.17, -5.46, -2.66, 3.32, -12.60, 5.06, -17.54, -5.78, 3.36, 2.58
4.961, -18.14, -1.97, 24.57, 2.92, 3.25, 5.57, -24.35, 17.50, -3.81, -5.39, -2.70, 3.07, -25.84, -3.04, -19.84, -5.61, 2.98, 2.50
4.994, -16.07, -4.83, 35.94, 2.20, 1.58, 4.83, -34.54, 14.73, -5.69, -4.63, -2.06, 1.33, -34.91, -4.74, -17.04, -4.81, 1.04, 1.95
5.029, -14.20, -6.05, 31.60, 2.45, -0.40, 4.11, -29.37, 13.26, -6.94, -3.88, -2.30, -0.58, -29.42, -6.36, -15.22, -4.09, -0.80, 2.08
5.063, -11.99, -5.75, 31.20, 2.36, -1.83, 3.42, -29.59, 11.20, -6.10, -3.18, -2.26, -2.01, -29.85, -5.53, -13.14, -3.44, -2.29, 2.08
5.097, -11.09, -8.01, 26.30, 2.40, -3.26, 2.86, -23.93, 10.50, -8.75, -2.59, -2.27, -3.39, -23.62, -8.91, -12.39, -2.83, -3.62, 1.99
5.131, -9.83, -14.48, 18.48, 1.70, -3.97, 1.85, -15.81, 8.72, -15.64, -1.51, -1.46, -4.04, -16.27, -16.15, -10.75, -1.61, -4.19, 1.06
5.165, -8.25, -13.01, 13.54, 0.51, -4.36, 0.24, -10.94, 7.29, -12.91, 0.09, -0.25, -4.44, -10.62, -12.17, -9.13, 0.02, -4.57, -0.05
5.198, -7.15, -6.70, 5.06, 0.18, -4.43, -0.78, -3.32, 6.93, -6.11, 1.04, -0.07, -4.46, -1.02, -6.05, -7.89, 0.89, -4.54, 0.04
5.236, -4.87, -7.02, -9.86, 0.63, -3.51, -1.40, 12.22, 5.16, -7.13, 1.65, -0.41, -3.41, 14.06, -7.75, -5.60, 1.56, -3.30, 0.26
5.267, -2.93, -8.77, -19.29, 0.65, -1.09, -2.54, 20.56, 3.46, -8.11, 2.79, -0.38, -0.90, 21.56, -8.22, -3.95, 2.82, -0.66, 0.41
5.300, -4.77, -2.13, -13.42, 0.45, 1.59, -3.63, 13.51, 5.59, -1.12, 3.76, -0.17, 1.70, 13.17, -0.68, -6.28, 3.79, 1.86, 0.38
5.334, -8.14, 1.68, 1.60, -0.83, 3.15, -4.05, -0.74, 8.75, 0.45, 4.13, 1.37, 3.11, -3.38, 0.01, -10.00, 4.24, 3.16, -1.33
5.368, -10.73, 1.55, 17.62, -2.05, 3.21, -4.61, -16.81, 10.69, 1.81, 4.70, 2.50, 3.05, -19.08, 3.69, -12.07, 4.83, 2.98, -2.30
5.402, -9.80, 10.59, 31.11, -1.94, 2.04, -4.46, -30.51, 9.48, 10.62, 4.47, 2.24, 1.76, -32.18, 11.87, -10.32, 4.46, 1.53, -1.99
5.436, -9.44, 10.78, 37.54, -1.87, -0.21, -3.96, -35.99, 9.02, 10.90, 4.04, 2.13, -0.53, -36.04, 12.53, -10.47, 4.00, -0.83, -1.94
5.471, -9.49, 15.39, 32.87, -1.34, -2.34, -3.32, -31.10, 9.48, 15.23, 3.40, 1.54, -2.58, -30.27, 16.33, -10.33, 3.24, -2.84, -1.46
5.504, -9.60, 16.40, 26.80, -1.04, -3.86, -2.48, -24.95, 9.74, 16.06, 2.59, 1.26, -4.04, -24.13, 16.76, -10.60, 2.39, -4.26, -1.33
5.538, -9.66, 16.21, 19.85, -1.47, -4.80, -1.83, -18.10, 9.75, 16.29, 1.98, 1.70, -4.92, -16.92, 17.25, -10.38, 1.78, -5.07, -1.82
5.572, -7.09, 19.53, 9.09, -1.53, -5.02, -1.02, -7.34, 7.57, 19.99, 1.12, 1.68, -5.03, -5.20, 20.56, -7.05, 0.84, -5.06, -1.77
5.606, -3.21, 15.63, 0.04, -0.85, -4.20, 0.12, 1.57, 3.77, 15.35, 0.00, 1.00, -4.14, 3.18, 14.69, -3.02, -0.26, -4.09, -1.14
5.639, 0.12, 9.83, -3.93, -0.81, -2.89, 0.73, 5.49, 0.35, 9.56, -0.57, 0.98, -2.82, 6.75, 8.63, 0.20, -0.77, -2.73, -1.10
5.674, 2.60, 7.10, -7.11, -0.66, -1.40, 0.95, 8.32, -1.93, 7.51, -0.81, 0.88, -1.32, 8.83, 7.15, 2.58, -0.99, -1.19, -0.99
5.707, 3.23, 4.38, -5.66, -0.68, 0.06, 1.30, 6.62, -2.57, 4.46, -1.16, 0.89, 0.06, 6.84, 3.57, 2.87, -1.30, 0.17, -0.93
5.741, 2.76, 2.25, -3.33, -0.59, 1.08, 1.36, 4.37, -2.18, 2.63, -1.23, 0.83, 1.05, 4.51, 2.32, 2.23, -1.36, 1.15, -0.84
5.776, 1.63, 2.35, -0.46, -0.52, 1.88, 1.63, 1.35, -0.96, 2.33, -1.53, 0.74, 1.83, 1.47, 1.83, 0.85, -1.66, 1.90, -0.73
5.810, -0.27, -1.26, 2.58, -0.41, 2.43, 1.84, -1.58, 0.63, -1.58, -1.72, 0.67, 2.36, -1.72, -1.99, -1.21, -1.82, 2.42, -0.68
5.844, -1.55, -4.54, 5.01, -0.43, 2.72, 1.66, -4.00, 1.62, -4.19, -1.53, 0.66, 2.63, -3.85, -4.01, -2.35, -1.60, 2.69, -0.61
5.878, -2.42, 0.04, 9.40, -0.03, 2.91, 1.72, -9.17, 2.76, 0.40, -1.65, 0.23, 2.79, -9.63, 0.77, -3.34, -1.80, 2.80, -0.15
5.912, -3.39, -1.02, 15.63, 0.50, 2.45, 2.08, -14.38, 3.34, -1.09, -1.98, -0.32, 2.29, -14.12, -0.90, -4.22, -2.15, 2.25, 0.35
5.946, -4.38, -1.71, 12.35, 0.95, 2.10, 2.21, -11.26, 4.68, -1.35, -2.10, -0.81, 2.01, -10.67, -0.83, -5.61, -2.29, 2.02, 0.85
5.980, -5.64, -0.66, 14.33, 1.37, 2.17, 2.37, -13.60, 5.87, -0.61, -2.27, -1.19, 2.08, -13.74, -0.01, -6.85, -2.47, 2.07, 1.18
6.014, -6.23, 0.76, 20.40, 1.60, 1.85, 2.56, -19.47, 6.22, 0.35, -2.45, -1.40, 1.69, -20.08, 0.80, -7.36, -2.68, 1.61, 1.34
6.048, -6.89, -3.00, 21.89, 1.49, 0.96, 2.52, -19.97, 6.42, -3.41, -2.34, -1.29, 0.79, -20.03, -3.03, -7.82, -2.52, 0.69, 1.19
6.082, -6.40, -0.92, 21.31, 1.34, 0.24, 2.30, -20.03, 6.17, -1.17, -2.14, -1.14, 0.08, -20.67, -0.80, -7.27, -2.36, -0.02, 1.02
6.116, -6.46, -4.21, 23.83, 1.01, -0.69, 2.15, -22.09, 5.85, -4.92, -1.92, -0.81, -0.87, -22.60, -5.03, -7.37, -2.10, -1.00, 0.68
6.150, -5.65, -4.61, 22.88, 0.65, -1.72, 1.46, -20.76, 5.04, -4.11, -1.23, -0.42, -1.90, -21.11, -3.33, -6.39, -1.41, -2.04, 0.25
6.184, -5.06, -1.76, 17.78, 0.54, -2.52, 1.29, -15.76, 4.89, -1.60, -1.09, -0.41, -2.63, -15.18, -1.33, -5.83, -1.31, -2.74, 0.29
6.218, -3.96, -1.87, 12.45, 0.90, -2.70, 1.27, -10.92, 3.91, -1.73, -1.07, -0.82, -2.75, -10.26, -1.79, -4.64, -1.31, -2.82, 0.72
6.252, -3.12, -3.80, 12.05, 1.56, -2.57, 1.15, -10.69, 3.03, -4.12, -0.94, -1.41, -2.63, -10.83, -4.75, -3.91, -1.17, -2.72, 1.25
6.286, -2.30, -7.64, 11.15, 0.82, -2.59, 0.55, -8.96, 1.82, -8.04, -0.29, -0.55, -2.65, -9.17, -8.34, -2.95, -0.40, -2.72, 0.33
6.320, -0.91, -4.73, 7.69, 0.22, -2.41, -0.24, -6.00, 0.68, -4.29, 0.46, -0.01, -2.44, -5.61, -4.12, -1.28, 0.33, -2.48, -0.08
6.354, 0.47, -2.80, 5.61, 0.52, -1.98, -0.55, -4.30, -0.41, -2.52, 0.73, -0.37, -2.00, -3.70, -2.89, -0.01, 0.58, -2.04, 0.36
6.388, 1.17, -4.46, 4.62, 0.82, -1.44, -0.88, -3.29, -1.25, -4.36, 1.08, -0.63, -1.46, -3.09, -4.84, 0.59, 0.97, -1.49, 0.62
6.422, 1.63, -2.71, 4.20, 0.90, -0.95, -1.41, -2.71, -1.63, -2.06, 1.58, -0.69, -0.97, -2.47, -1.91, 1.24, 1.45, -1.01, 0.71
6.456, 2.20, -0.29, 4.24, 1.28, -0.50, -1.54, -3.04, -2.03, 0.03, 1.67, -1.11, -0.53, -2.60, -0.33, 1.70, 1.52, -0.59, 1.18
6.510, 1.92, -0.61, 1.37, 1.30, -0.04, -1.70, 0.30, -1.67, -0.60, 1.84, -1.04, -0.04, 0.47, -1.01, 1.31, 1.73, -0.06, 1.07
6.531, 1.21, 0.41, 1.35, 0.97, 0.63, -2.04, -0.09, -1.00, 1.00, 2.17, -0.71, 0.61, -0.21, 1.22, 0.62, 2.08, 0.60, 0.79
6.558, 0.45, 4.32, 2.73, 1.12, 1.10, -2.07, -1.28, -0.07, 4.41, 2.16, -0.88, 1.08, -1.10, 4.03, -0.19, 2.04, 1.05, 0.98
6.592, -0.80, 3.78, 4.19, 1.06, 1.52, -2.16, -2.71, 1.07, 3.99, 2.26, -0.78, 1.47, -2.72, 3.96, -1.59, 2.18, 1.44, 0.88
6.625, -2.70, 4.51, 5.92, 0.84, 1.87, -2.27, -4.49, 2.96, 4.52, 2.36, -0.55, 1.81, -4.48, 4.30, -3.56, 2.30, 1.78, 0.67
6.660, -3.68, 7.24, 9.88, 0.47, 2.13, -2.45, -9.23, 3.91, 8.02, 2.51, -0.18, 2.04, -10.06, 8.88, -4.35, 2.44, 1.98, 0.34
6.694, -3.91, 8.17, 15.57, 0.29, 1.68, -2.09, -13.85, 3.93, 7.44, 2.16, 0.04, 1.54, -14.49, 6.89, -4.55, 2.09, 1.44, 0.01
6.728, -4.27, 5.18, 17.36, -0.31, 1.02, -2.25, -15.74, 4.11, 5.21, 2.37, 0.64, 0.88, -16.52, 5.66, -5.00, 2.33, 0.78, -0.58
6.762, -4.18, 8.51, 22.17, -0.69, 0.08, -2.21, -20.55, 3.98, 8.36, 2.32, 0.98, -0.11, -21.03, 8.65, -4.69, 2.24, -0.25, -0.93
6.796, -4.47, 7.61, 20.73, -0.98, -1.07, -2.07, -18.65, 4.36, 7.52, 2.21, 1.24, -1.23, -18.32, 7.82, -5.23, 2.14, -1.35, -1.22
6.830, -4.63, 10.70, 17.16, -1.02, -1.69, -1.90, -15.83, 4.82, 10.96, 2.02, 1.25, -1.81, -15.69, 11.59, -5.18, 1.89, -1.91, -1.24
6.865, -4.50, 11.17, 16.42, -0.98, -2.19, -1.40, -14.87, 4.66, 11.05, 1.54, 1.21, -2.31, -14.56, 11.27, -5.11, 1.40, -2.41, -1.25
6.898, -3.87, 11.65, 14.56, -1.12, -2.54, -1.01, -13.21, 4.07, 11.93, 1.14, 1.35, -2.65, -12.84, 12.39, -4.31, 0.98, -2.73, -1.40
6.932, -2.72, 13.11, 10.62, -0.78, -2.72, -0.37, -9.25, 3.21, 13.21, 0.48, 0.95, -2.78, -8.45, 13.06, -3.08, 0.27, -2.84, -1.01
6.966, -1.58, 8.31, 9.92, -0.82, -2.58, 0.14, -8.37, 1.68, 7.92, 0.03, 1.08, -2.65, -8.46, 7.66, -1.98, -0.13, -2.70, -1.23
7.000, -0.19, 7.39, 8.18, -1.16, -2.47, 0.22, -6.64, 0.33, 7.91, -0.05, 1.38, -2.54, -6.20, 8.16, -0.44, -0.21, -2.56, -1.48
7.034, 1.15, 8.37, 6.07, -1.08, -2.19, 0.55, -4.75, -0.79, 8.71, -0.41, 1.28, -2.24, -4.38, 8.64, 0.92, -0.60, -2.24, -1.36
7.081, 1.90, 5.46, 5.52, -0.93, -1.84, 0.92, -3.88, -1.75, 5.26, -0.75, 1.17, -1.90, -3.81, 4.77, 1.60, -0.90, -1.90, -1.31
7.102, 2.82, 3.28, 2.17, -1.19, -1.42, 0.94, -0.34, -2.65, 3.47, -0.75, 1.45, -1.45, 0.03, 3.27, 2.61, -0.87, -1.39, -1.56
7.136, 3.67, 4.30, 0.30, -1.03, -0.64, 1.07, 0.69, -3.16, 4.57, -0.93, 1.19, -0.64, 1.21, 3.99, 3.32, -1.09, -0.57, -1.20
7.171, 3.65, -0.40, 2.54, -0.77, 0.13, 1.16, -1.32, -3.51, -0.65, -0.98, 1.04, 0.08, -1.67, -1.34, 3.17, -1.07, 0.13, -1.12
7.204, 3.58, -1.69, 2.51, -1.06, 0.60, 0.84, -0.96, -3.40, -1.22, -0.67, 1.31, 0.56, -0.71, -1.23, 3.08, -0.74, 0.62, -1.32
7.238, 2.99, -0.30, 1.24, -0.64, 1.24, 0.83, -0.28, -2.49, 0.01, -0.72, 0.81, 1.22, 0.17, -0.42, 2.28, -0.83, 1.30, -0.74
7.272, 1.70, -2.27, 1.83, -0.25, 1.98, 0.88, -0.55, -1.21, -2.38, -0.76, 0.50, 1.95, -0.42, -2.86, 0.69, -0.84, 2.03, -0.48
7.307, 0.07, -3.39, 4.34, -0.31, 2.64, 0.71, -3.51, 0.22, -2.98, -0.60, 0.58, 2.59, -3.98, -2.74, -0.85, -0.66, 2.64, -0.54
7.340, -0.68, 0.97, 10.45, 0.05, 2.77, 0.85, -9.78, 0.99, 1.89, -0.80, 0.09, 2.64, -9.56, 2.44, -1.39, -0.95, 2.62, 0.04
7.374, -2.03, 1.19, 10.53, 0.69, 2.62, 1.45, -9.09, 2.46, -0.05, -1.39, -0.41, 2.52, -9.49, -0.75, -3.22, -1.53, 2.53, 0.37
7.408, -3.13, -3.02, 14.07, 0.30, 2.43, 1.36, -12.94, 2.94, -2.09, -1.23, -0.08, 2.27, -12.98, -1.24, -3.82, -1.35, 2.24, 0.12
7.442, -3.53, 4.53, 12.27, 0.87, 2.14, 1.68, -11.30, 4.21, 5.30, -1.64, -0.73, 2.04, -10.50, 6.36, -4.67, -1.91, 2.04, 0.84
7.476, -6.07, 4.55, 13.39, 1.85, 2.24, 2.57, -12.55, 6.65, 4.11, -2.49, -1.67, 2.16, -12.73, 3.96, -7.56, -2.76, 2.14, 1.65
7.512, -7.62, -0.96, 17.91, 1.71, 2.03, 2.70, -16.46, 7.38, -1.47, -2.55, -1.49, 1.91, -16.87, -1.07, -8.66, -2.72, 1.84, 1.38
7.544, -7.56, 0.47, 20.33, 1.21, 1.45, 2.50, -18.91, 7.37, 0.36, -2.36, -0.99, 1.31, -19.33, 1.14, -8.54, -2.56, 1.21, 0.90
7.600, -8.19, 2.06, 23.02, 1.44, 0.61, 2.60, -21.80, 8.12, 2.09, -2.46, -1.29, 0.46, -21.68, 2.78, -9.25, -2.72, 0.32, 1.25
7.630, -8.35, 0.80, 22.49, 1.92, -0.24, 2.78, -21.07, 8.20, 0.48, -2.61, -1.78, -0.36, -21.13, 0.73, -9.32, -2.88, -0.50, 1.67
7.653, -7.63, -1.32, 23.67, 2.03, -1.10, 2.64, -22.06, 7.20, -1.55, -2.45, -1.89, -1.24, -22.54, -1.15, -8.44, -2.70, -1.42, 1.72
7.680, -6.96, -2.44, 22.76, 1.85, -2.19, 2.36, -20.67, 6.49, -2.89, -2.13, -1.67, -2.33, -20.90, -2.82, -7.93, -2.37, -2.53, 1.45
7.714, -6.41, -4.77, 18.00, 1.25, -3.09, 1.83, -15.53, 5.88, -5.16, -1.57, -1.04, -3.20, -15.52, -5.23, -7.21, -1.76, -3.35, 0.75
7.749, -5.12, -4.36, 12.59, 0.42, -3.45, 1.11, -10.55, 4.70, -4.29, -0.85, -0.22, -3.52, -10.33, -4.13, -5.76, -1.01, -3.61, -0.00
7.783, -3.32, -3.17, 8.35, 0.13, -3.40, 0.56, -6.61, 3.10, -2.96, -0.32, 0.05, -3.45, -6.07, -3.00, -3.87, -0.48, -3.50, -0.20
7.816, -2.08, -4.11, 4.05, 0.13, -2.95, 0.10, -2.49, 1.98, -4.22, 0.14, 0.08, -2.96, -2.26, -4.82, -2.49, 0.02, -2.97, -0.22
7.851, -0.20, -5.61, 2.90, 0.26, -2.23, -0.67, -1.69, -0.00, -5.15, 0.91, -0.07, -2.23, -1.47, -5.23, -0.70, 0.82, -2.25, 0.02
7.885, 0.96, -2.37, 1.53, 0.33, -1.56, -1.27, 0.00, -0.84, -1.98, 1.45, -0.10, -1.56, 0.31, -2.11, 0.51, 1.34, -1.56, 0.07
7.918, 1.68, -0.40, 2.37, 0.37, -0.80, -1.55, -1.17, -1.52, -0.11, 1.70, -0.16, -0.82, -1.02, -0.37, 1.25, 1.60, -0.84, 0.19
7.952, 1.54, -0.45, 2.23, 0.33, -0.26, -1.79, -0.59, -1.40, -0.37, 1.95, -0.06, -0.29, -0.48, -0.68, 0.95, 1.88, -0.30, 0.08
7.986, 0.74, 1.01, 1.44, 0.19, 0.33, -2.14, -0.33, -0.42, 1.85, 2.28, 0.04, 0.31, -0.01, 2.11, 0.03, 2.21, 0.30, 0.09
8.019, -0.16, 5.99, 0.80, 0.40, 0.88, -2.12, 0.69, 0.79, 6.43, 2.19, -0.14, 0.86, 1.18, 6.31, -0.76, 2.07, 0.86, 0.25
8.054, -1.40, 4.25, 0.21, 0.44, 1.58, -1.95, 1.15, 1.95, 4.22, 2.04, -0.16, 1.58, 1.47, 3.63, -2.29, 1.98, 1.62, 0.28
8.088, -3.11, 3.05, 3.84, 0.59, 2.34, -2.21, -3.31, 3.43, 3.81, 2.32, -0.36, 2.30, -3.43, 4.16, -4.08, 2.28, 2.31, 0.56
8.122, -4.25, 8.65, 11.28, 0.82, 2.57, -2.21, -10.55, 4.53, 8.91, 2.24, -0.53, 2.47, -11.24, 9.10, -4.90, 2.14, 2.40, 0.67
8.156, -4.23, 5.80, 18.83, 0.46, 2.04, -1.98, -17.40, 3.91, 4.92, 2.07, -0.10, 1.85, -18.67, 4.45, -4.89, 2.03, 1.72, 0.14
8.190, -4.65, 4.04, 22.27, -0.43, 0.91, -2.34, -20.32, 4.22, 4.13, 2.48, 0.79, 0.69, -21.03, 4.67, -5.39, 2.46, 0.54, -0.75
8.224, -4.37, 8.75, 20.04, -0.81, -0.16, -2.38, -18.13, 4.36, 9.13, 2.47, 1.05, -0.33, -17.65, 9.73, -4.88, 2.38, -0.44, -0.95
8.258, -3.99, 10.05, 16.95, -0.48, -0.74, -1.96, -15.47, 4.29, 9.91, 2.05, 0.71, -0.86, -15.28, 9.97, -4.76, 1.93, -0.95, -0.66
8.292, -4.36, 8.24, 17.21, -0.48, -1.19, -1.72, -15.64, 4.29, 8.28, 1.85, 0.77, -1.32, -15.94, 8.65, -4.90, 1.75, -1.43, -0.80
8.326, -4.19, 10.58, 17.54, -0.79, -1.81, -1.51, -15.79, 4.29, 10.73, 1.64, 1.03, -1.96, -15.51, 11.03, -4.81, 1.50, -2.08, -1.06
8.360, -3.85, 11.53, 13.01, -0.92, -2.22, -1.13, -11.45, 4.09, 11.62, 1.27, 1.17, -2.31, -11.06, 11.92, -4.27, 1.12, -2.37, -1.22
8.395, -2.79, 12.03, 12.03, -0.80, -2.28, -0.63, -10.70, 3.10, 12.15, 0.76, 1.00, -2.36, -10.30, 12.19, -3.15, 0.59, -2.43, -1.05
8.429, -1.85, 11.48, 11.80, -0.73, -2.35, -0.10, -10.42, 2.14, 11.39, 0.24, 0.94, -2.43, -10.25, 11.28, -2.22, 0.05, -2.49, -1.03
8.462, -1.22, 9.36, 10.49, -0.70, -2.44, 0.33, -8.83, 1.45, 9.33, -0.17, 0.91, -2.52, -8.49, 9.17, -1.61, -0.35, -2.57, -1.03
8.496, -0.28, 7.12, 7.97, -0.78, -2.30, 0.59, -6.41, 0.49, 6.96, -0.42, 0.99, -2.35, -6.11, 6.58, -0.65, -0.59, -2.37, -1.11
8.530, 0.96, 5.97, 7.23, -0.90, -1.99, 0.68, -5.94, -0.79, 6.35, -0.52, 1.10, -2.05, -5.85, 6.32, 0.67, -0.68, -2.07, -1.20
8.564, 2.02, 4.37, 6.98, -1.10, -1.77, 0.88, -5.35, -1.93, 4.17, -0.70, 1.36, -1.84, -5.44, 3.79, 1.71, -0.84, -1.85, -1.49
8.598, 2.65, 2.08, 5.01, -1.31, -1.55, 0.86, -3.49, -2.55, 2.30, -0.67, 1.49, -1.61, -2.94, 1.89, 2.28, -0.79, -1.60, -1.55
8.632, 3.37, 0.59, 1.02, -0.94, -0.98, 0.73, 0.55, -3.13, 0.78, -0.55, 1.16, -0.99, 0.88, 0.41, 3.00, -0.67, -0.95, -1.23
8.666, 3.75, -0.00, -0.09, -0.88, -0.11, 0.60, 1.27, -3.38, 0.56, -0.44, 1.09, -0.11, 1.63, 0.32, 3.26, -0.54, -0.06, -1.10
8.700, 3.56, 0.85, 1.14, -0.64, 0.77, 0.65, 0.06, -3.09, 1.00, -0.53, 0.89, 0.73, -0.21, 0.63, 3.01, -0.64, 0.80, -0.92
8.734, 3.07, 1.33, 4.88, -0.55, 1.32, 0.81, -4.02, -2.67, 1.83, -0.70, 0.76, 1.24, -4.14, 1.78, 2.51, -0.83, 1.27, -0.71
8.768, 2.01, -0.49, 6.40, -0.13, 1.49, 1.08, -4.94, -1.73, -0.69, -0.96, 0.36, 1.41, -4.92, -1.18, 1.28, -1.08, 1.43, -0.37
8.802, 1.11, -3.70, 7.23, -0.28, 1.74, 0.97, -5.95, -1.12, -3.65, -0.83, 0.54, 1.65, -6.37, -3.79, 0.49, -0.90, 1.67, -0.54
8.836, 0.88, -1.24, 9.69, -0.17, 1.77, 0.88, -8.61, -0.68, -0.80, -0.78, 0.37, 1.66, -8.56, -0.67, 0.19, -0.91, 1.66, -0.31
8.870, 0.14, -1.44, 11.69, 0.19, 1.69, 1.11, -10.47, -0.05, -1.63, -1.00, 0.03, 1.58, -10.73, -1.91, -0.63, -1.13, 1.55, -0.02
8.905, -0.62, -3.69, 11.67, 0.21, 1.50, 1.07, -9.95, 0.61, -3.88, -0.94, 0.05, 1.39, -10.11, -4.04, -1.47, -1.05, 1.37, -0.08
8.938, -1.02, -2.99, 10.81, 0.04, 1.45, 0.89, -9.48, 1.08, -2.39, -0.76, 0.18, 1.35, -9.26, -1.81, -1.76, -0.88, 1.35, -0.14
8.972, -1.27, -0.08, 11.75, 0.43, 1.49, 1.13, -10.63, 1.53, -0.16, -1.04, -0.22, 1.39, -10.68, -0.36, -2.15, -1.21, 1.38, 0.24
9.006, -1.91, -3.19, 13.43, 0.46, 1.35, 1.23, -11.73, 1.81, -3.55, -1.09, -0.21, 1.24, -11.82, -3.71, -2.74, -1.20, 1.20, 0.16
9.041, -2.20, -2.38, 13.06, 0.28, 1.17, 1.03, -11.57, 2.25, -1.82, -0.90, -0.08, 1.07, -11.22, -1.09, -2.94, -1.05, 1.04, 0.11
9.074, -2.52, -1.58, 14.59, 0.38, 1.06, 1.18, -13.46, 2.52, -1.68, -1.05, -0.17, 0.94, -13.77, -1.61, -3.31, -1.20, 0.88, 0.17
9.129, -2.65, -0.70, 15.31, 0.76, 0.69, 1.26, -13.95, 2.76, -0.62, -1.15, -0.59, 0.57, -13.77, -0.59, -3.52, -1.34, 0.50, 0.59
9.151, -3.14, -3.62, 15.82, 0.94, 0.41, 1.31, -14.47, 2.97, -4.42, -1.15, -0.70, 0.29, -15.34, -5.18, -4.04, -1.29, 0.21, 0.60
9.177, -3.04, -6.71, 19.81, 0.48, -0.23, 0.76, -18.06, 2.37, -6.37, -0.54, -0.26, -0.40, -18.39, -5.70, -3.68, -0.64, -0.55, 0.19
9.211, -2.60, -1.65, 16.55, 0.55, -0.98, 0.51, -14.81, 2.57, -1.29, -0.36, -0.40, -1.10, -14.37, -1.02, -3.29, -0.56, -1.20, 0.39
9.244, -2.47, -3.50, 12.27, 0.97, -1.25, 0.57, -10.29, 2.41, -3.74, -0.40, -0.77, -1.32, -9.85, -4.09, -3.15, -0.57, -1.37, 0.66
9.278, -1.66, -3.40, 10.71, 0.52, -1.08, 0.28, -9.21, 1.58, -3.13, -0.10, -0.30, -1.14, -9.48, -2.73, -2.24, -0.25, -1.19, 0.22
9.313, -0.88, -0.55, 12.46, 0.65, -1.14, 0.25, -10.88, 0.96, -0.44, -0.10, -0.48, -1.23, -10.54, -0.54, -1.46, -0.29, -1.31, 0.42
9.347, -0.66, -2.56, 9.17, 0.46, -1.11, 0.24, -7.42, 0.68, -2.74, -0.07, -0.23, -1.17, -7.24, -3.14, -1.36, -0.21, -1.20, 0.15
9.380, -0.30, -3.24, 8.58, 0.04, -0.83, -0.09, -7.06, 0.22, -3.06, 0.27, 0.22, -0.89, -7.44, -2.97, -0.81, 0.16, -0.91, -0.29
9.414, 0.45, 0.17, 9.41, -0.00, -0.67, -0.22, -8.24, -0.27, 0.76, 0.36, 0.18, -0.74, -8.04, 1.02, -0.02, 0.20, -0.78, -0.16
9.448, 0.70, 0.39, 9.12, 0.42, -0.55, 0.00, -7.73, -0.51, 0.34, 0.13, -0.21, -0.61, -7.80, -0.01, 0.09, -0.04, -0.65, 0.18
9.482, 0.64, -2.85, 9.52, 0.18, -0.41, -0.08, -7.74, -0.74, -2.89, 0.26, 0.08, -0.48, -7.98, -2.97, 0.04, 0.16, -0.51, -0.15
9.517, 1.06, -0.52, 9.02, -0.04, -0.25, -0.29, -7.72, -0.91, -0.00, 0.43, 0.25, -0.32, -7.75, 0.22, 0.57, 0.29, -0.34, -0.24
9.550, 1.34, 0.40, 10.30, 0.32, -0.15, -0.14, -8.98, -1.21, 0.48, 0.27, -0.13, -0.23, -9.05, 0.24, 0.77, 0.11, -0.27, 0.13
9.584, 1.24, -1.31, 10.60, 0.27, -0.16, -0.12, -8.86, -1.22, -1.38, 0.28, -0.04, -0.25, -8.84, -1.68, 0.59, 0.15, -0.29, 0.01
9.618, 1.36, -1.42, 9.18, 0.12, -0.05, -0.30, -7.69, -1.31, -1.12, 0.45, 0.12, -0.12, -7.86, -1.06, 0.79, 0.33, -0.14, -0.13
9.652, 1.56, 0.40, 10.52, 0.28, 0.06, -0.30, -9.27, -1.39, 0.77, 0.42, -0.09, -0.02, -9.22, 0.69, 1.00, 0.28, -0.07, 0.13
9.686, 1.36, -0.67, 10.47, 0.42, 0.08, -0.23, -8.81, -1.30, -0.89, 0.37, -0.17, 0.01, -9.03, -1.23, 0.73, 0.25, -0.03, 0.15
9.720, 1.24, -0.95, 10.38, 0.18, 0.15, -0.40, -8.86, -1.21, -0.57, 0.54, 0.06, 0.07, -9.09, -0.45, 0.67, 0.42, 0.03, -0.07
9.754, 1.47, 1.01, 11.31, 0.16, 0.16, -0.37, -9.92, -1.33, 1.37, 0.48, 0.04, 0.07, -9.89, 1.39, 0.94, 0.34, 0.03, -0.01
9.788, 1.28, 0.09, 10.68, 0.37, 0.15, -0.22, -9.08, -1.11, -0.03, 0.36, -0.14, 0.07, -9.12, -0.39, 0.57, 0.22, 0.04, 0.14
9.822, 0.90, -0.92, 11.02, 0.22, 0.21, -0.34, -9.52, -0.91, -0.58, 0.49, 0.03, 0.13, -9.72, -0.51, 0.32, 0.37, 0.09, -0.03
9.856, 1.07, 0.66, 11.73, 0.19, 0.20, -0.35, -10.40, -0.97, 0.95, 0.47, 0.03, 0.11, -10.52, 1.00, 0.49, 0.34, 0.06, -0.01
9.890, 1.13, 1.09, 12.25, 0.30, 0.09, -0.21, -10.59, -0.99, 1.00, 0.33, -0.08, -0.00, -10.61, 0.75, 0.53, 0.19, -0.06, 0.07
9.924, 0.96, -0.45, 10.68, 0.21, 0.06, -0.21, -9.03, -0.93, -0.32, 0.36, 0.04, -0.01, -9.07, -0.45, 0.38, 0.24, -0.05, -0.05
9.958, 1.12, 0.89, 11.01, 0.19, 0.14, -0.25, -9.76, -0.98, 1.27, 0.37, 0.02, 0.06, -9.89, 1.37, 0.59, 0.23, 0.02, 0.01
9.992, 1.01, 0.85, 11.32, 0.34, 0.10, -0.11, -9.72, -0.89, 0.78, 0.24, -0.11, 0.02, -9.83, 0.45, 0.39, 0.09, -0.02, 0.09
10.026, 0.90, -0.48, 11.41, 0.23, 0.08, -0.15, -9.87, -0.92, -0.26, 0.30, -0.00, -0.01, -9.91, -0.13, 0.37, 0.18, -0.05, -0.01
10.060, 1.09, 1.37, 11.22, 0.22, 0.06, -0.13, -9.82, -0.89, 1.64, 0.25, -0.01, -0.02, -9.76, 1.57, 0.46, 0.10, -0.06, 0.02
10.094, 1.03, 0.25, 11.13, 0.31, 0.08, -0.03, -9.55, -0.96, 0.12, 0.17, -0.07, -0.00, -9.80, -0.15, 0.43, 0.04, -0.05, 0.03
